ts00051@tim-desktop:~/dev/lp$ ./convertweak /vol/v/vidarc12/LILiR_PNGs/timdev/weakcv5/agreeAB /vol/v/vidarc12/LILiR_PNGs/timdev/lp/weakClassifierLabels.csv
6567,	0.381654,	pcatracking-c4-py2-t640-th3,1094,3.92077,0
4407,	0.367419,	pcatracking-c0-py2-t320-th3,734,-93.828,1
4766,	0.27652,	pcatracking-c20-py2-t320-th2,794,0.924924,1
6368,	0.239713,	mindreading-c5-py2-t640-th2,1061,349.733,0
13273,	0.256514,	mindreading-c2-py2-t320-th1-inv,704,0.0416656,0
7071,	0.221304,	pcatracking-c32-py2-t640-th3,1178,0.45274,0
1184,	0.219124,	pcatracking-c53-py2-t80-th2,197,0.617083,1
5397,	0.233247,	pcatracking-c55-py2-t320-th3,899,0.225769,0
4514,	0.194467,	pcatracking-c6-py2-t320-th2,752,-0.316551,0
483,	0.192752,	pcatracking-c14-py2-t80-th3,80,1.18512,0
4480,	0.1986,	pcatracking-c4-py2-t320-th4,746,15.4297,0
4675,	0.205168,	pcatracking-c15-py2-t320-th1,779,-2.1887,0
7233,	0.195055,	pcatracking-c41-py2-t640-th3,1205,-0.135367,1
4713,	0.168038,	pcatracking-c17-py2-t320-th3,785,1.03024,0
16749,	0.170844,	pcatracking-c67-py2-t640-th3-inv,1283,-0.335824,0
2318,	0.157307,	pcatracking-c0-py2-t160-th2,386,61.0798,1
7324,	0.172799,	pcatracking-c46-py2-t640-th4,1220,0.944264,0
2389,	0.163023,	pcatracking-c4-py2-t160-th1,398,-19.11,0
9333,	0.163515,	pcatracking-c3-py2-t80-th3-inv,47,2.34372,1
1384,	0.172585,	pcatracking-c64-py2-t80-th4,230,0.522646,0
6710,	0.150632,	pcatracking-c12-py2-t640-th2,1118,1.72556,1
5865,	0.133793,	pcatracking-c81-py2-t320-th3,977,0.144318,0
4802,	0.136353,	pcatracking-c22-py2-t320-th2,800,-0.696031,0
1725,	0.138955,	pcatracking-c83-py2-t80-th3,287,0.125622,0
4195,	0.124457,	mindreading-c1-py0-t320-th1,699,-64.3632,0
5003,	0.173818,	pcatracking-c33-py2-t320-th5,833,-2.27259,1
13463,	0.148704,	pcatracking-c1-py0-t320-th5-inv,735,1052.89,1
6659,	0.150205,	pcatracking-c9-py2-t640-th5,1109,8.19916,0
6153,	0.135733,	affinepose-c5-py2-t320-th3,1025,-23.3308,1
2568,	0.15201,	pcatracking-c14-py2-t160-th0,428,-5.31455,0
14533,	0.142545,	pcatracking-c60-py2-t320-th1-inv,914,0.669751,0
7466,	0.126624,	pcatracking-c54-py2-t640-th2,1244,-0.128487,0
304,	0.13108,	pcatracking-c4-py2-t80-th4,50,15.4307,0
6498,	0.143275,	pcatracking-c1-py0-t640-th0,1083,-399.208,0
2608,	0.143737,	pcatracking-c16-py2-t160-th4,434,-2.60557,1
4314,	0.140408,	mindreading-c7-py2-t320-th0,719,23.3582,1
7737,	0.140485,	pcatracking-c69-py2-t640-th3,1289,0.212473,0
7649,	0.116443,	pcatracking-c64-py2-t640-th5,1274,0.929515,0
7104,	0.143449,	pcatracking-c34-py2-t640-th0,1184,-2.2534,0
4948,	0.13242,	pcatracking-c30-py2-t320-th4,824,1.49531,0
13247,	0.126585,	mindreading-c1-py0-t320-th5-inv,699,108.256,1
7017,	0.133147,	pcatracking-c29-py2-t640-th3,1169,-0.211517,1
7828,	0.103684,	pcatracking-c74-py2-t640-th4,1304,-0.646329,1
553,	0.126822,	pcatracking-c18-py2-t80-th1,92,2.38551,1
125,	0.119718,	mindreading-c6-py2-t80-th5,20,19.8843,0
14573,	0.137606,	pcatracking-c62-py2-t320-th5-inv,920,1.08031,1
6641,	0.126301,	pcatracking-c8-py2-t640-th5,1106,-11.5278,1
15435,	0.126268,	mindreading-c6-py2-t640-th3-inv,1064,16.9481,1
3991,	0.128669,	affinepose-c1-py2-t160-th1,665,-0.108598,0
8296,	0.120302,	lmpose-c2-py2-t640-th4,1382,2.80656,1
4065,	0.133352,	affinepose-c5-py2-t160-th3,677,-23.3122,1
824,	0.134125,	pcatracking-c33-py2-t80-th2,137,0.373928,1
16983,	0.110397,	pcatracking-c80-py2-t640-th3-inv,1322,-0.139379,0
6555,	0.101241,	pcatracking-c4-py0-t640-th3,1092,-12.3488,1
7969,	0.112725,	pcatracking-c82-py2-t640-th1,1328,-0.450326,0
16711,	0.110566,	pcatracking-c65-py2-t640-th1-inv,1277,-0.572584,1
6943,	0.117658,	pcatracking-c25-py2-t640-th1,1157,-1.39516,0
5164,	0.110426,	pcatracking-c42-py2-t320-th4,860,-1.16051,1
6288,	0.118128,	mindreading-c1-py1-t640-th0,1048,-16.5315,0
3455,	0.119943,	pcatracking-c63-py2-t160-th5,575,-1.11973,1
15341,	0.124644,	mindreading-c1-py1-t640-th5-inv,1048,16.5562,1
125,	0.119981,	mindreading-c6-py2-t80-th5,20,19.8843,0
2677,	0.125913,	pcatracking-c20-py2-t160-th1,446,2.2581,1
521,	0.113528,	pcatracking-c16-py2-t80-th5,86,-4.21832,1
6908,	0.116702,	pcatracking-c23-py2-t640-th2,1151,-0.725466,0
6602,	0.107578,	pcatracking-c6-py2-t640-th2,1100,-0.334325,0
1797,	0.112586,	pcatracking-c87-py2-t80-th3,299,0.11106,0
2390,	0.099717,	pcatracking-c4-py2-t160-th2,398,-7.60232,0
7959,	0.106475,	pcatracking-c82-py0-t640-th3,1326,1.02659,0
7972,	0.107776,	pcatracking-c82-py2-t640-th4,1328,0.429558,0
6360,	0.122821,	mindreading-c5-py1-t640-th0,1060,-821.49,0
4714,	0.124268,	pcatracking-c17-py2-t320-th4,785,2.58053,0
15453,	0.112966,	mindreading-c7-py2-t640-th3-inv,1067,17.5514,0
7448,	0.108134,	pcatracking-c53-py2-t640-th2,1241,0.614146,1
7377,	0.107824,	pcatracking-c49-py2-t640-th3,1229,0.48943,0
7442,	0.110029,	pcatracking-c53-py1-t640-th2,1240,1.34687,1
14965,	0.101886,	pcatracking-c84-py2-t320-th1-inv,986,-0.463467,1
5089,	0.106468,	pcatracking-c38-py2-t320-th1,848,1.36514,1
7863,	0.098776,	pcatracking-c76-py2-t640-th3,1310,-0.147062,1
7852,	0.104859,	pcatracking-c76-py0-t640-th4,1308,-3.86643,1
6528,	0.125474,	pcatracking-c2-py2-t640-th0,1088,49.932,1
3473,	0.116373,	pcatracking-c64-py2-t160-th5,578,0.956222,0
13888,	0.115676,	pcatracking-c24-py2-t320-th4-inv,806,-1.56781,0
8296,	0.109047,	lmpose-c2-py2-t640-th4,1382,2.80656,1
7680,	0.108322,	pcatracking-c66-py2-t640-th0,1280,-1.31534,0
2771,	0.12201,	pcatracking-c25-py2-t160-th5,461,2.66965,0
2191,	0.113358,	mindreading-c5-py2-t160-th1,365,236.686,0
2896,	0.113659,	pcatracking-c32-py2-t160-th4,482,1.38101,0
6800,	0.102446,	pcatracking-c17-py2-t640-th2,1133,-0.517111,0
16946,	0.106136,	pcatracking-c78-py2-t640-th2-inv,1316,-0.115028,1
2966,	0.104332,	pcatracking-c36-py2-t160-th2,494,-0.404904,0
16184,	0.100544,	pcatracking-c36-py1-t640-th2-inv,1189,1.91796,0
2112,	0.105418,	mindreading-c1-py1-t160-th0,352,-51.5308,0
6093,	0.108492,	affinepose-c2-py1-t320-th3,1015,-27.0494,1
15488,	0.100264,	mindreading-c9-py2-t640-th2-inv,1073,2.97159,0
7105,	0.099208,	pcatracking-c34-py2-t640-th1,1184,-1.38086,0
4625,	0.106734,	pcatracking-c12-py2-t320-th5,770,-5.45765,1
10972,	0.110247,	affinepose-c2-py2-t80-th4-inv,320,-36.6457,0
8241,	0.109882,	affinepose-c5-py2-t640-th3,1373,-23.3931,1
5396,	0.106135,	pcatracking-c55-py2-t320-th2,899,-0.384979,0
ts00051@tim-desktop:~/dev/lp$ ./convertweak /vol/v/vidarc12/LILiR_PNGs/timdev/weakcv5/agreeBA /vol/v/vidarc12/LILiR_PNGs/timdev/lp/weakClassifierLabels.csv
87,	0.429787,	mindreading-c4-py2-t80-th3,14,0.108877,0
4406,	0.40564,	pcatracking-c0-py2-t320-th2,734,61.1157,1
7017,	0.290894,	pcatracking-c29-py2-t640-th3,1169,-0.211517,1
6278,	0.249229,	mindreading-c0-py2-t640-th2,1046,0.964383,1
3129,	0.219714,	pcatracking-c45-py2-t160-th3,521,-0.340981,1
6820,	0.197144,	pcatracking-c18-py2-t640-th4,1136,-2.05841,1
392,	0.233845,	pcatracking-c9-py2-t80-th2,65,-1.44501,0
4280,	0.202595,	mindreading-c5-py2-t320-th2,713,350.496,0
448,	0.227586,	pcatracking-c12-py2-t80-th4,74,-3.10654,1
6872,	0.215107,	pcatracking-c21-py2-t640-th2,1145,-1.18274,0
7755,	0.20964,	pcatracking-c70-py2-t640-th3,1292,-0.182766,1
2931,	0.179214,	pcatracking-c34-py2-t160-th3,488,0.368357,0
6277,	0.172385,	mindreading-c0-py2-t640-th1,1046,1.01108,1
5037,	0.177608,	pcatracking-c35-py2-t320-th3,839,0.402782,0
11510,	0.164066,	pcatracking-c8-py2-t160-th2-inv,410,1.07844,0
8060,	0.167425,	pcatracking-c87-py2-t640-th2,1343,-0.185228,0
3237,	0.161815,	pcatracking-c51-py2-t160-th3,539,0.406836,0
8329,	0.181317,	lmpose-c4-py2-t640-th1,1388,-16.1666,0
4085,	0.192544,	lmpose-c0-py2-t160-th5,680,10.7637,1
6888,	0.183394,	pcatracking-c22-py2-t640-th0,1148,-3.07084,0
7144,	0.1831,	pcatracking-c36-py2-t640-th4,1190,1.30044,0
104,	0.161973,	mindreading-c5-py2-t80-th2,17,350.845,0
7215,	0.185695,	pcatracking-c40-py2-t640-th3,1202,0.547171,0
7664,	0.163405,	pcatracking-c65-py2-t640-th2,1277,-0.134006,0
2518,	0.165313,	pcatracking-c11-py2-t160-th4,419,3.03006,0
4838,	0.16872,	pcatracking-c24-py2-t320-th2,806,0.509276,1
4137,	0.146248,	lmpose-c3-py2-t160-th3,689,-36.1163,1
4046,	0.163059,	affinepose-c4-py2-t160-th2,674,0.934854,0
4585,	0.141744,	pcatracking-c10-py2-t320-th1,764,-4.54754,0
8207,	0.137241,	affinepose-c3-py2-t640-th5,1367,-0.118758,1
4188,	0.157724,	mindreading-c0-py2-t320-th0,698,1.05773,1
5722,	0.15295,	pcatracking-c73-py2-t320-th4,953,-0.474728,1
7340,	0.142256,	pcatracking-c47-py2-t640-th2,1223,-0.199833,0
6620,	0.135769,	pcatracking-c7-py2-t640-th2,1103,2.27222,1
8080,	0.135687,	pcatracking-c88-py2-t640-th4,1346,-0.34703,1
5180,	0.137896,	pcatracking-c43-py2-t320-th2,863,0.579153,1
5055,	0.127139,	pcatracking-c36-py2-t320-th3,842,0.44602,0
284,	0.131019,	pcatracking-c3-py2-t80-th2,47,-14.6699,0
6908,	0.135699,	pcatracking-c23-py2-t640-th2,1151,-0.725466,0
7540,	0.156009,	pcatracking-c58-py2-t640-th4,1256,0.753201,0
13905,	0.147613,	pcatracking-c25-py2-t320-th3-inv,809,0.642579,1
7628,	0.12765,	pcatracking-c63-py2-t640-th2,1271,0.33729,1
15608,	0.139713,	pcatracking-c4-py1-t640-th2-inv,1093,-10.025,1
6709,	0.136684,	pcatracking-c12-py2-t640-th1,1118,4.11443,1
8061,	0.147163,	pcatracking-c87-py2-t640-th3,1343,0.0992981,0
5361,	0.127068,	pcatracking-c53-py2-t320-th3,893,-0.0516336,1
10271,	0.141902,	pcatracking-c55-py2-t80-th5-inv,203,1.47327,1
4463,	0.147708,	pcatracking-c3-py2-t320-th5,743,36.428,0
7808,	0.12246,	pcatracking-c73-py2-t640-th2,1301,0.315036,1
16184,	0.121027,	pcatracking-c36-py1-t640-th2-inv,1189,1.91796,0
229,	0.136798,	pcatracking-c0-py2-t80-th1,38,215.916,1
6173,	0.136374,	lmpose-c0-py2-t320-th5,1028,10.7524,1
7124,	0.135806,	pcatracking-c35-py2-t640-th2,1187,-0.590429,0
15381,	0.109973,	mindreading-c3-py2-t640-th3-inv,1055,1.01424,1
7107,	0.117918,	pcatracking-c34-py2-t640-th3,1184,0.364224,0
339,	0.1221,	pcatracking-c6-py2-t80-th3,56,4.55654,0
7392,	0.138138,	pcatracking-c50-py2-t640-th0,1232,1.63021,1
5704,	0.140734,	pcatracking-c72-py2-t320-th4,950,-0.557663,1
3669,	0.114672,	pcatracking-c75-py2-t160-th3,611,-0.0860163,1
2390,	0.124393,	pcatracking-c4-py2-t160-th2,398,-7.60232,0
7323,	0.119922,	pcatracking-c46-py2-t640-th3,1220,0.309097,0
16532,	0.117512,	pcatracking-c55-py2-t640-th2-inv,1247,-0.383578,1
16228,	0.13024,	pcatracking-c38-py2-t640-th4-inv,1196,-1.15141,0
7665,	0.11949,	pcatracking-c65-py2-t640-th3,1277,0.304572,0
5594,	0.11879,	pcatracking-c66-py2-t320-th2,932,-0.391414,0
880,	0.117034,	pcatracking-c36-py2-t80-th4,146,1.31164,0
5612,	0.115921,	pcatracking-c67-py2-t320-th2,935,0.0845354,1
5667,	0.108651,	pcatracking-c70-py2-t320-th3,944,-0.181683,1
1634,	0.111943,	pcatracking-c78-py2-t80-th2,272,-0.125203,0
4606,	0.113949,	pcatracking-c11-py2-t320-th4,767,3.05051,0
2532,	0.134087,	pcatracking-c12-py2-t160-th0,422,6.54874,1
13795,	0.138329,	pcatracking-c19-py2-t320-th1-inv,791,2.90151,0
6368,	0.120265,	mindreading-c5-py2-t640-th2,1061,349.733,0
17214,	0.115423,	affinepose-c1-py2-t640-th0-inv,1361,-0.168638,1
17393,	0.126497,	lmpose-c5-py1-t640-th5-inv,1390,-36.8247,0
7078,	0.125039,	pcatracking-c33-py0-t640-th4,1179,-8.55001,1
555,	0.112997,	pcatracking-c18-py2-t80-th3,92,-0.592048,1
2712,	0.120372,	pcatracking-c22-py2-t160-th0,452,-3.05998,0
5326,	0.130959,	pcatracking-c51-py2-t320-th4,887,1.08452,0
6657,	0.122634,	pcatracking-c9-py2-t640-th3,1109,1.74403,0
120,	0.117658,	mindreading-c6-py2-t80-th0,20,12.5288,0
951,	0.106746,	pcatracking-c40-py2-t80-th3,158,0.554862,0
13761,	0.108861,	pcatracking-c17-py2-t320-th3-inv,785,1.03024,1
6173,	0.118027,	lmpose-c0-py2-t320-th5,1028,10.7524,1
4280,	0.121888,	mindreading-c5-py2-t320-th2,713,350.496,0
15686,	0.110769,	pcatracking-c8-py2-t640-th2-inv,1106,1.07954,0
5179,	0.102409,	pcatracking-c43-py2-t320-th1,863,1.26882,1
12229,	0.122711,	pcatracking-c48-py2-t160-th1-inv,530,-1.08076,1
16166,	0.096958,	pcatracking-c35-py1-t640-th2-inv,1186,-1.9583,1
3540,	0.116639,	pcatracking-c68-py2-t160-th0,590,1.21868,1
6928,	0.12896,	pcatracking-c24-py2-t640-th4,1154,-1.58428,1
13816,	0.103329,	pcatracking-c20-py2-t320-th4-inv,794,-1.74294,0
15782,	0.110447,	pcatracking-c14-py0-t640-th2-inv,1122,-5.23632,1
4784,	0.101113,	pcatracking-c21-py2-t320-th2,797,-1.17687,0
6365,	0.122581,	mindreading-c5-py1-t640-th5,1060,821.682,0
15916,	0.124452,	pcatracking-c21-py1-t640-th4-inv,1144,-7.91991,0
8007,	0.096237,	pcatracking-c84-py2-t640-th3,1334,0.11085,0
7143,	0.089003,	pcatracking-c36-py2-t640-th3,1190,0.446178,0
8077,	0.101295,	pcatracking-c88-py2-t640-th1,1346,0.338756,1
16183,	0.125016,	pcatracking-c36-py1-t640-th1-inv,1189,5.80723,0
